-10.000000 0.000000
-9.979980 0.000000
-9.959960 0.000000
-9.939940 0.000000
-9.919920 0.000000
-9.899900 0.000000
-9.879880 0.000000
-9.859860 0.000000
-9.839840 0.000000
-9.819820 0.000000
-9.799800 0.000000
-9.779780 0.000000
-9.759760 0.000000
-9.739740 0.000000
-9.719720 0.000000
-9.699700 0.000000
-9.679680 0.000000
-9.659660 0.000000
-9.639640 0.000000
-9.619620 0.000000
-9.599600 0.000000
-9.579580 0.000000
-9.559560 0.000000
-9.539540 0.000000
-9.519520 0.000000
-9.499499 0.000000
-9.479479 0.000000
-9.459459 0.000000
-9.439439 0.000000
-9.419419 0.000000
-9.399399 0.000000
-9.379379 0.000000
-9.359359 0.000000
-9.339339 0.000000
-9.319319 0.000000
-9.299299 0.000000
-9.279279 0.000000
-9.259259 0.000000
-9.239239 0.000000
-9.219219 0.000000
-9.199199 0.000000
-9.179179 0.000000
-9.159159 0.000000
-9.139139 0.000000
-9.119119 0.000000
-9.099099 0.000000
-9.079079 0.000000
-9.059059 0.000000
-9.039039 0.000000
-9.019019 0.000000
-8.998999 0.000000
-8.978979 0.000000
-8.958959 0.000000
-8.938939 0.000000
-8.918919 0.000000
-8.898899 0.000000
-8.878879 0.000000
-8.858859 0.000000
-8.838839 0.000000
-8.818819 0.000000
-8.798799 0.000000
-8.778779 0.000000
-8.758759 0.000000
-8.738739 0.000000
-8.718719 0.000000
-8.698699 0.000000
-8.678679 0.000000
-8.658659 0.000000
-8.638639 0.000000
-8.618619 0.000000
-8.598599 0.000000
-8.578579 0.000000
-8.558559 0.000000
-8.538539 0.000000
-8.518519 0.000000
-8.498498 0.000000
-8.478478 0.000000
-8.458458 0.000000
-8.438438 0.000000
-8.418418 0.000000
-8.398398 0.000000
-8.378378 0.000000
-8.358358 0.000000
-8.338338 0.000000
-8.318318 0.000000
-8.298298 0.000000
-8.278278 0.000000
-8.258258 0.000000
-8.238238 0.000000
-8.218218 0.000000
-8.198198 0.000000
-8.178178 0.000000
-8.158158 0.000000
-8.138138 0.000000
-8.118118 0.000000
-8.098098 0.000000
-8.078078 0.000000
-8.058058 0.000000
-8.038038 0.000000
-8.018018 0.000000
-7.997998 0.000000
-7.977978 0.000000
-7.957958 0.000000
-7.937938 0.000000
-7.917918 0.000000
-7.897898 0.000000
-7.877878 0.000000
-7.857858 0.000000
-7.837838 0.000000
-7.817818 0.000000
-7.797798 0.000000
-7.777778 0.000000
-7.757758 0.000000
-7.737738 0.000000
-7.717718 0.000000
-7.697698 0.000000
-7.677678 0.000000
-7.657658 0.000000
-7.637638 0.000000
-7.617618 0.000000
-7.597598 0.000000
-7.577578 0.000000
-7.557558 0.000000
-7.537538 0.000000
-7.517518 0.000000
-7.497497 0.000000
-7.477477 0.000000
-7.457457 0.000000
-7.437437 0.000000
-7.417417 0.000000
-7.397397 0.000000
-7.377377 0.000000
-7.357357 0.000000
-7.337337 0.000000
-7.317317 0.000000
-7.297297 0.000000
-7.277277 0.000000
-7.257257 0.000000
-7.237237 0.000000
-7.217217 0.000000
-7.197197 0.000000
-7.177177 0.000000
-7.157157 0.000000
-7.137137 0.000000
-7.117117 0.000000
-7.097097 0.000000
-7.077077 0.000000
-7.057057 0.000000
-7.037037 0.000000
-7.017017 0.000000
-6.996997 0.000000
-6.976977 0.000000
-6.956957 0.000000
-6.936937 0.000000
-6.916917 0.000000
-6.896897 0.000000
-6.876877 0.000000
-6.856857 0.000000
-6.836837 0.000000
-6.816817 0.000000
-6.796797 0.000000
-6.776777 0.000000
-6.756757 0.000000
-6.736737 0.000000
-6.716717 0.000000
-6.696697 0.000000
-6.676677 0.000000
-6.656657 0.000000
-6.636637 0.000000
-6.616617 0.000000
-6.596597 0.000000
-6.576577 0.000000
-6.556557 0.000000
-6.536537 0.000000
-6.516517 0.000000
-6.496496 0.000000
-6.476476 0.000000
-6.456456 0.000000
-6.436436 0.000000
-6.416416 0.000000
-6.396396 0.000000
-6.376376 0.000000
-6.356356 0.000000
-6.336336 0.000000
-6.316316 0.000000
-6.296296 0.000000
-6.276276 0.000000
-6.256256 0.000000
-6.236236 0.000000
-6.216216 0.000000
-6.196196 0.000000
-6.176176 0.000000
-6.156156 0.000000
-6.136136 0.000000
-6.116116 0.000000
-6.096096 0.000000
-6.076076 0.000000
-6.056056 0.000000
-6.036036 0.000000
-6.016016 0.000000
-5.995996 0.000000
-5.975976 0.000000
-5.955956 0.000000
-5.935936 0.000000
-5.915916 0.000000
-5.895896 0.000000
-5.875876 0.000000
-5.855856 0.000000
-5.835836 0.000000
-5.815816 0.000000
-5.795796 0.000000
-5.775776 0.000000
-5.755756 0.000000
-5.735736 0.000000
-5.715716 0.000000
-5.695696 0.000000
-5.675676 0.000000
-5.655656 0.000000
-5.635636 0.000000
-5.615616 0.000000
-5.595596 0.000000
-5.575576 0.000000
-5.555556 0.000000
-5.535536 0.000000
-5.515516 0.000000
-5.495495 0.000000
-5.475475 0.000000
-5.455455 0.000000
-5.435435 0.000000
-5.415415 0.000000
-5.395395 0.000000
-5.375375 0.000000
-5.355355 0.000000
-5.335335 0.000000
-5.315315 0.000000
-5.295295 0.000000
-5.275275 0.000000
-5.255255 0.000000
-5.235235 0.000000
-5.215215 0.000000
-5.195195 0.000000
-5.175175 0.000000
-5.155155 0.000000
-5.135135 0.000000
-5.115115 0.000000
-5.095095 0.000000
-5.075075 0.000000
-5.055055 0.000000
-5.035035 0.000000
-5.015015 0.000000
-4.994995 0.000000
-4.974975 0.000000
-4.954955 0.000000
-4.934935 0.000000
-4.914915 0.000000
-4.894895 0.000000
-4.874875 0.000000
-4.854855 0.000000
-4.834835 0.000000
-4.814815 0.000000
-4.794795 0.000000
-4.774775 0.000000
-4.754755 0.000000
-4.734735 0.000000
-4.714715 0.000000
-4.694695 0.000000
-4.674675 0.000000
-4.654655 0.000000
-4.634635 0.000000
-4.614615 0.000000
-4.594595 0.000000
-4.574575 0.000000
-4.554555 0.000000
-4.534535 0.000000
-4.514515 0.000000
-4.494494 0.000000
-4.474474 0.000000
-4.454454 0.000000
-4.434434 0.000000
-4.414414 0.000000
-4.394394 0.000000
-4.374374 0.000000
-4.354354 0.000000
-4.334334 0.000000
-4.314314 0.000000
-4.294294 0.000000
-4.274274 0.000000
-4.254254 0.000000
-4.234234 0.000000
-4.214214 0.000000
-4.194194 0.000000
-4.174174 0.000000
-4.154154 0.000000
-4.134134 0.000000
-4.114114 0.000000
-4.094094 0.000000
-4.074074 0.000000
-4.054054 0.000000
-4.034034 0.000001
-4.014014 0.000001
-3.993994 0.000001
-3.973974 0.000001
-3.953954 0.000001
-3.933934 0.000001
-3.913914 0.000001
-3.893894 0.000002
-3.873874 0.000002
-3.853854 0.000002
-3.833834 0.000002
-3.813814 0.000003
-3.793794 0.000003
-3.773774 0.000004
-3.753754 0.000004
-3.733734 0.000005
-3.713714 0.000006
-3.693694 0.000006
-3.673674 0.000007
-3.653654 0.000009
-3.633634 0.000010
-3.613614 0.000011
-3.593594 0.000013
-3.573574 0.000015
-3.553554 0.000017
-3.533534 0.000019
-3.513514 0.000022
-3.493493 0.000024
-3.473473 0.000028
-3.453453 0.000032
-3.433433 0.000036
-3.413413 0.000041
-3.393393 0.000046
-3.373373 0.000052
-3.353353 0.000059
-3.333333 0.000067
-3.313313 0.000076
-3.293293 0.000085
-3.273273 0.000096
-3.253253 0.000109
-3.233233 0.000122
-3.213213 0.000138
-3.193193 0.000155
-3.173173 0.000174
-3.153153 0.000195
-3.133133 0.000219
-3.113113 0.000246
-3.093093 0.000275
-3.073073 0.000308
-3.053053 0.000344
-3.033033 0.000384
-3.013013 0.000429
-2.992993 0.000479
-2.972973 0.000533
-2.952953 0.000594
-2.932933 0.000660
-2.912913 0.000734
-2.892893 0.000815
-2.872873 0.000904
-2.852853 0.001002
-2.832833 0.001110
-2.812813 0.001228
-2.792793 0.001358
-2.772773 0.001499
-2.752753 0.001655
-2.732733 0.001825
-2.712713 0.002010
-2.692693 0.002212
-2.672673 0.002433
-2.652653 0.002673
-2.632633 0.002934
-2.612613 0.003217
-2.592593 0.003525
-2.572573 0.003859
-2.552553 0.004220
-2.532533 0.004611
-2.512513 0.005034
-2.492492 0.005491
-2.472472 0.005983
-2.452452 0.006514
-2.432432 0.007085
-2.412412 0.007699
-2.392392 0.008359
-2.372372 0.009067
-2.352352 0.009826
-2.332332 0.010639
-2.312312 0.011508
-2.292292 0.012437
-2.272272 0.013428
-2.252252 0.014486
-2.232232 0.015611
-2.212212 0.016809
-2.192192 0.018082
-2.172172 0.019434
-2.152152 0.020867
-2.132132 0.022386
-2.112112 0.023993
-2.092092 0.025692
-2.072072 0.027485
-2.052052 0.029377
-2.032032 0.031371
-2.012012 0.033469
-1.991992 0.035674
-1.971972 0.037991
-1.951952 0.040421
-1.931932 0.042967
-1.911912 0.045633
-1.891892 0.048420
-1.871872 0.051331
-1.851852 0.054367
-1.831832 0.057532
-1.811812 0.060827
-1.791792 0.064253
-1.771772 0.067812
-1.751752 0.071504
-1.731732 0.075330
-1.711712 0.079292
-1.691692 0.083389
-1.671672 0.087620
-1.651652 0.091986
-1.631632 0.096486
-1.611612 0.101119
-1.591592 0.105883
-1.571572 0.110777
-1.551552 0.115798
-1.531532 0.120944
-1.511512 0.126212
-1.491491 0.131599
-1.471471 0.137102
-1.451451 0.142715
-1.431431 0.148436
-1.411411 0.154259
-1.391391 0.160180
-1.371371 0.166193
-1.351351 0.172292
-1.331331 0.178472
-1.311311 0.184725
-1.291291 0.191047
-1.271271 0.197429
-1.251251 0.203864
-1.231231 0.210346
-1.211211 0.216866
-1.191191 0.223417
-1.171171 0.229990
-1.151151 0.236579
-1.131131 0.243173
-1.111111 0.249765
-1.091091 0.256345
-1.071071 0.262907
-1.051051 0.269440
-1.031031 0.275936
-1.011011 0.282386
-0.990991 0.288782
-0.970971 0.295115
-0.950951 0.301375
-0.930931 0.307555
-0.910911 0.313647
-0.890891 0.319641
-0.870871 0.325530
-0.850851 0.331305
-0.830831 0.336959
-0.810811 0.342485
-0.790791 0.347875
-0.770771 0.353121
-0.750751 0.358218
-0.730731 0.363158
-0.710711 0.367935
-0.690691 0.372543
-0.670671 0.376978
-0.650651 0.381232
-0.630631 0.385302
-0.610611 0.389184
-0.590591 0.392872
-0.570571 0.396362
-0.550551 0.399653
-0.530531 0.402739
-0.510511 0.405619
-0.490490 0.408291
-0.470470 0.410751
-0.450450 0.413000
-0.430430 0.415035
-0.410410 0.416856
-0.390390 0.418461
-0.370370 0.419852
-0.350350 0.421028
-0.330330 0.421991
-0.310310 0.422739
-0.290290 0.423276
-0.270270 0.423603
-0.250250 0.423721
-0.230230 0.423633
-0.210210 0.423341
-0.190190 0.422848
-0.170170 0.422157
-0.150150 0.421271
-0.130130 0.420193
-0.110110 0.418928
-0.090090 0.417480
-0.070070 0.415852
-0.050050 0.414048
-0.030030 0.412074
-0.010010 0.409933
0.010010 0.407632
0.030030 0.405173
0.050050 0.402563
0.070070 0.399807
0.090090 0.396910
0.110110 0.393877
0.130130 0.390713
0.150150 0.387424
0.170170 0.384015
0.190190 0.380492
0.210210 0.376860
0.230230 0.373125
0.250250 0.369292
0.270270 0.365366
0.290290 0.361354
0.310310 0.357260
0.330330 0.353089
0.350350 0.348848
0.370370 0.344541
0.390390 0.340173
0.410410 0.335749
0.430430 0.331276
0.450450 0.326756
0.470470 0.322196
0.490490 0.317600
0.510511 0.312973
0.530531 0.308318
0.550551 0.303642
0.570571 0.298947
0.590591 0.294238
0.610611 0.289519
0.630631 0.284795
0.650651 0.280068
0.670671 0.275343
0.690691 0.270623
0.710711 0.265911
0.730731 0.261212
0.750751 0.256527
0.770771 0.251861
0.790791 0.247216
0.810811 0.242595
0.830831 0.238000
0.850851 0.233435
0.870871 0.228901
0.890891 0.224401
0.910911 0.219937
0.930931 0.215511
0.950951 0.211125
0.970971 0.206781
0.990991 0.202481
1.011011 0.198226
1.031031 0.194017
1.051051 0.189857
1.071071 0.185747
1.091091 0.181687
1.111111 0.177678
1.131131 0.173723
1.151151 0.169820
1.171171 0.165973
1.191191 0.162180
1.211211 0.158444
1.231231 0.154763
1.251251 0.151140
1.271271 0.147574
1.291291 0.144065
1.311311 0.140614
1.331331 0.137221
1.351351 0.133886
1.371371 0.130610
1.391391 0.127391
1.411411 0.124231
1.431431 0.121129
1.451451 0.118085
1.471471 0.115099
1.491491 0.112170
1.511512 0.109298
1.531532 0.106483
1.551552 0.103724
1.571572 0.101022
1.591592 0.098375
1.611612 0.095783
1.631632 0.093246
1.651652 0.090763
1.671672 0.088334
1.691692 0.085958
1.711712 0.083633
1.731732 0.081361
1.751752 0.079140
1.771772 0.076969
1.791792 0.074848
1.811812 0.072776
1.831832 0.070752
1.851852 0.068776
1.871872 0.066847
1.891892 0.064964
1.911912 0.063126
1.931932 0.061333
1.951952 0.059584
1.971972 0.057878
1.991992 0.056215
2.012012 0.054593
2.032032 0.053012
2.052052 0.051472
2.072072 0.049970
2.092092 0.048508
2.112112 0.047083
2.132132 0.045695
2.152152 0.044344
2.172172 0.043028
2.192192 0.041748
2.212212 0.040501
2.232232 0.039288
2.252252 0.038107
2.272272 0.036959
2.292292 0.035842
2.312312 0.034755
2.332332 0.033699
2.352352 0.032671
2.372372 0.031672
2.392392 0.030701
2.412412 0.029758
2.432432 0.028840
2.452452 0.027949
2.472472 0.027083
2.492492 0.026242
2.512513 0.025425
2.532533 0.024632
2.552553 0.023861
2.572573 0.023113
2.592593 0.022386
2.612613 0.021681
2.632633 0.020997
2.652653 0.020332
2.672673 0.019687
2.692693 0.019062
2.712713 0.018455
2.732733 0.017866
2.752753 0.017295
2.772773 0.016741
2.792793 0.016203
2.812813 0.015682
2.832833 0.015177
2.852853 0.014687
2.872873 0.014212
2.892893 0.013751
2.912913 0.013305
2.932933 0.012872
2.952953 0.012453
2.972973 0.012047
2.992993 0.011653
3.013013 0.011271
3.033033 0.010902
3.053053 0.010544
3.073073 0.010197
3.093093 0.009861
3.113113 0.009536
3.133133 0.009221
3.153153 0.008915
3.173173 0.008620
3.193193 0.008334
3.213213 0.008057
3.233233 0.007789
3.253253 0.007529
3.273273 0.007278
3.293293 0.007035
3.313313 0.006800
3.333333 0.006572
3.353353 0.006351
3.373373 0.006138
3.393393 0.005932
3.413413 0.005732
3.433433 0.005539
3.453453 0.005352
3.473473 0.005171
3.493493 0.004996
3.513514 0.004827
3.533534 0.004664
3.553554 0.004505
3.573574 0.004352
3.593594 0.004204
3.613614 0.004061
3.633634 0.003923
3.653654 0.003789
3.673674 0.003660
3.693694 0.003535
3.713714 0.003414
3.733734 0.003297
3.753754 0.003184
3.773774 0.003075
3.793794 0.002970
3.813814 0.002868
3.833834 0.002769
3.853854 0.002674
3.873874 0.002582
3.893894 0.002493
3.913914 0.002407
3.933934 0.002324
3.953954 0.002243
3.973974 0.002166
3.993994 0.002091
4.014014 0.002018
4.034034 0.001949
4.054054 0.001881
4.074074 0.001816
4.094094 0.001753
4.114114 0.001692
4.134134 0.001633
4.154154 0.001576
4.174174 0.001521
4.194194 0.001468
4.214214 0.001417
4.234234 0.001368
4.254254 0.001320
4.274274 0.001274
4.294294 0.001229
4.314314 0.001186
4.334334 0.001145
4.354354 0.001105
4.374374 0.001066
4.394394 0.001029
4.414414 0.000993
4.434434 0.000958
4.454454 0.000924
4.474474 0.000892
4.494494 0.000861
4.514515 0.000830
4.534535 0.000801
4.554555 0.000773
4.574575 0.000746
4.594595 0.000719
4.614615 0.000694
4.634635 0.000670
4.654655 0.000646
4.674675 0.000623
4.694695 0.000601
4.714715 0.000580
4.734735 0.000560
4.754755 0.000540
4.774775 0.000521
4.794795 0.000502
4.814815 0.000485
4.834835 0.000467
4.854855 0.000451
4.874875 0.000435
4.894895 0.000419
4.914915 0.000405
4.934935 0.000390
4.954955 0.000376
4.974975 0.000363
4.994995 0.000350
5.015015 0.000338
5.035035 0.000326
5.055055 0.000314
5.075075 0.000303
5.095095 0.000292
5.115115 0.000282
5.135135 0.000272
5.155155 0.000262
5.175175 0.000253
5.195195 0.000244
5.215215 0.000235
5.235235 0.000227
5.255255 0.000219
5.275275 0.000211
5.295295 0.000203
5.315315 0.000196
5.335335 0.000189
5.355355 0.000182
5.375375 0.000176
5.395395 0.000170
5.415415 0.000164
5.435435 0.000158
5.455455 0.000152
5.475475 0.000147
5.495495 0.000141
5.515516 0.000136
5.535536 0.000132
5.555556 0.000127
5.575576 0.000122
5.595596 0.000118
5.615616 0.000114
5.635636 0.000110
5.655656 0.000106
5.675676 0.000102
5.695696 0.000098
5.715716 0.000095
5.735736 0.000091
5.755756 0.000088
5.775776 0.000085
5.795796 0.000082
5.815816 0.000079
5.835836 0.000076
5.855856 0.000073
5.875876 0.000071
5.895896 0.000068
5.915916 0.000066
5.935936 0.000063
5.955956 0.000061
5.975976 0.000059
5.995996 0.000057
6.016016 0.000055
6.036036 0.000053
6.056056 0.000051
6.076076 0.000049
6.096096 0.000047
6.116116 0.000046
6.136136 0.000044
6.156156 0.000042
6.176176 0.000041
6.196196 0.000039
6.216216 0.000038
6.236236 0.000037
6.256256 0.000035
6.276276 0.000034
6.296296 0.000033
6.316316 0.000032
6.336336 0.000031
6.356356 0.000029
6.376376 0.000028
6.396396 0.000027
6.416416 0.000026
6.436436 0.000025
6.456456 0.000025
6.476476 0.000024
6.496496 0.000023
6.516517 0.000022
6.536537 0.000021
6.556557 0.000020
6.576577 0.000020
6.596597 0.000019
6.616617 0.000018
6.636637 0.000018
6.656657 0.000017
6.676677 0.000016
6.696697 0.000016
6.716717 0.000015
6.736737 0.000015
6.756757 0.000014
6.776777 0.000014
6.796797 0.000013
6.816817 0.000013
6.836837 0.000012
6.856857 0.000012
6.876877 0.000011
6.896897 0.000011
6.916917 0.000011
6.936937 0.000010
6.956957 0.000010
6.976977 0.000009
6.996997 0.000009
7.017017 0.000009
7.037037 0.000008
7.057057 0.000008
7.077077 0.000008
7.097097 0.000008
7.117117 0.000007
7.137137 0.000007
7.157157 0.000007
7.177177 0.000007
7.197197 0.000006
7.217217 0.000006
7.237237 0.000006
7.257257 0.000006
7.277277 0.000005
7.297297 0.000005
7.317317 0.000005
7.337337 0.000005
7.357357 0.000005
7.377377 0.000005
7.397397 0.000004
7.417417 0.000004
7.437437 0.000004
7.457457 0.000004
7.477477 0.000004
7.497497 0.000004
7.517518 0.000004
7.537538 0.000003
7.557558 0.000003
7.577578 0.000003
7.597598 0.000003
7.617618 0.000003
7.637638 0.000003
7.657658 0.000003
7.677678 0.000003
7.697698 0.000003
7.717718 0.000002
7.737738 0.000002
7.757758 0.000002
7.777778 0.000002
7.797798 0.000002
7.817818 0.000002
7.837838 0.000002
7.857858 0.000002
7.877878 0.000002
7.897898 0.000002
7.917918 0.000002
7.937938 0.000002
7.957958 0.000002
7.977978 0.000002
7.997998 0.000001
8.018018 0.000001
8.038038 0.000001
8.058058 0.000001
8.078078 0.000001
8.098098 0.000001
8.118118 0.000001
8.138138 0.000001
8.158158 0.000001
8.178178 0.000001
8.198198 0.000001
8.218218 0.000001
8.238238 0.000001
8.258258 0.000001
8.278278 0.000001
8.298298 0.000001
8.318318 0.000001
8.338338 0.000001
8.358358 0.000001
8.378378 0.000001
8.398398 0.000001
8.418418 0.000001
8.438438 0.000001
8.458458 0.000001
8.478478 0.000001
8.498498 0.000001
8.518519 0.000001
8.538539 0.000001
8.558559 0.000000
8.578579 0.000000
8.598599 0.000000
8.618619 0.000000
8.638639 0.000000
8.658659 0.000000
8.678679 0.000000
8.698699 0.000000
8.718719 0.000000
8.738739 0.000000
8.758759 0.000000
8.778779 0.000000
8.798799 0.000000
8.818819 0.000000
8.838839 0.000000
8.858859 0.000000
8.878879 0.000000
8.898899 0.000000
8.918919 0.000000
8.938939 0.000000
8.958959 0.000000
8.978979 0.000000
8.998999 0.000000
9.019019 0.000000
9.039039 0.000000
9.059059 0.000000
9.079079 0.000000
9.099099 0.000000
9.119119 0.000000
9.139139 0.000000
9.159159 0.000000
9.179179 0.000000
9.199199 0.000000
9.219219 0.000000
9.239239 0.000000
9.259259 0.000000
9.279279 0.000000
9.299299 0.000000
9.319319 0.000000
9.339339 0.000000
9.359359 0.000000
9.379379 0.000000
9.399399 0.000000
9.419419 0.000000
9.439439 0.000000
9.459459 0.000000
9.479479 0.000000
9.499499 0.000000
9.519520 0.000000
9.539540 0.000000
9.559560 0.000000
9.579580 0.000000
9.599600 0.000000
9.619620 0.000000
9.639640 0.000000
9.659660 0.000000
9.679680 0.000000
9.699700 0.000000
9.719720 0.000000
9.739740 0.000000
9.759760 0.000000
9.779780 0.000000
9.799800 0.000000
9.819820 0.000000
9.839840 0.000000
9.859860 0.000000
9.879880 0.000000
9.899900 0.000000
9.919920 0.000000
9.939940 0.000000
9.959960 0.000000
9.979980 0.000000
10.000000 0.000000
