B1855+09    15.60  1.8534722717864536  0.4866956366450384
B1937+21    15.89  0.993497945669951  0.766109785202864
B1953+29    11.14  1.0397959183673469  1.1691926868458766
J0023+0923   9.02  2.8785409390764456  1.2567091352670101
J0030+0451  15.54  2.8234956581615087  0.8321870701513068
J0340+4130   8.14  0.8838763181950976  1.057969223162969
J0406+3039   3.57  0.9640979789146861  1.0494409683044414
J0437-4715   4.76  0.6403935631580243  0.8778548468956183
J0509+0856   3.57  1.0322475702492782  1.0385674931129476
J0557+1551   4.57  0.9960657832985511  0.8871845247090827
J0605+3757   3.37  0.9693223127469042  1.020345015875584
J0610-2100   3.37  1.1211799660441426  0.9056884514135287
J0613-0200  15.05  5.194991942481716  0.644417375845665
J0636+5128   6.30  1.5826539708789291  0.867185017662561
J0645+5158   8.87  1.5823203420702485  2.636562192857923
J0709+0458   4.57  0.9973821204824093  0.9124009341858417
J0740+6620   6.32  0.5798499972338794  1.0012019230769231
J0931-1902   7.10  0.9224296279199484  0.9690937044191272
J1012+5307  15.54  0.8965304592848401  0.8248241848570645
J1012-4235   3.37  1.020988353283727  0.9682402080542202
J1022+1001   5.55  0.982407251306564  0.8502741146836569
J1024-0719  10.48  0.8294970942204731  1.1724002957421824
J1125+7819   6.30  0.928401230935453  1.0310244576819079
J1312+0051   4.57  0.9966240174192711  0.9518199402145243
J1453+1902   7.01  0.9084260974166078  0.898698089898318
J1455-3330  15.68  2.206866126574156  0.6425517921736271
J1600-3053  12.48  6.585186309478637  1.8354904632152589
J1614-2230  11.55  11.399206053839475  2.2085046248715314
J1630+3734   3.46  0.9598615645558203  1.0025257081003067
J1640+2224  15.48  0.5803121096652806  0.8573606514706429
J1643-1224  15.72  0.8889140870091091  0.9535374868004224
J1705-1903   3.73  1.0046531218034858  1.0036502938285967
J1713+0747  15.55  0.9221523490836362  0.506355644687043
J1719-1438   3.45  1.0117747697881547  1.034540344588815
J1730-2304   3.45  1.1065388060487908  1.5253418943856012
J1738+0333  10.74  4.0566629565921275  2.753804531619885
J1741+1351  11.02  5.4309612662463005  1.3972356201857317
J1744-1134  15.68  17.4273598820059  1.1986486783898584
J1745+1017   4.55  0.9931799146492243  1.070981383971143
J1747-4036   8.13  0.9845524581049956  0.9966023783351654
J1751-2857   3.46  1.02315648847236  1.0452032919788723
J1802-2124   3.46  1.071738747421986  1.0309831666260063
J1811-2405   3.46  0.9630371592426742  1.0213670025494719
J1832-0836   7.10  4.1093957673039565  3.5825688073394497
J1843-1113   3.46  1.2330454987209418  0.6071945686798159
J1853+1303   9.10  3.1110539845758356  2.5556662870159452
J1903+0327  10.74  0.9702928334171127  1.0094538871567937
J1909-3744  15.50  4.255961927799542  6.366713369220559
J1910+1256  11.43  2.992809347847798  1.9056746458799918
J1911+1347   6.99  0.9376538782156912  0.37514281388082094
J1918-0642  15.49  15.751864577222827  3.661689220718619
J1923+2515   8.97  2.164627099593142  1.1882940506440025
J1944+0907  12.47  1.7630342234754244  1.631509627795485
J1946+3417   5.74  0.9860509478202122  1.0754560186147006
J2010-1323  10.54  2.287937103194184  1.9113481377863262
J2017+0603   8.33  0.49451239570561323  1.1797948941741216
J2033+1734   6.98  1.3832516661301668  1.3332944061660632
J2043+1711   9.06  5.728600760712242  0.5165085388994307
J2124-3358   3.46  1.0396918524565073  0.9677362169828044
J2145-0750  15.55  0.5187430672683898  1.113927800584028
J2214+3000   8.43  0.7794671390548082  1.3317150592848475
J2229+2643   7.03  4.516004415011038  1.2454484153742413
J2234+0611   6.54  5.211160825254785  0.4320322243087112
J2234+0944   7.10  0.9727038575784789  0.5658552641890938
J2302+4442   8.14  1.235817823908375  0.582373718974229
J2317+1439  15.66  3.4044418983827613  0.8816394183681158
J2322+2057   5.45  0.7526631888124151  1.123227986652781
